time,x,y,z,phi,theta,psi,x_velocity,y_velocity,z_velocity,phi_velocity,theta_velocity,psi_velocity,rotor_speed1,rotor_speed2,rotor_speed3,rotor_speed4
0.06,8.75841176261e-08,-3.55862235887e-08,10.0029565603,6.28313413459,6.28293009637,0.0,1.4121430513e-05,-3.7327314616e-06,0.0985478556475,-0.00261579465367,-0.0145172584344,0.0,436.2131494749875,434.9994656796864,437.3787045326801,437.16085515159494
0.12000000000000001,9.90672982407e-06,-2.05684070646e-06,10.0125457151,6.28282363836,6.28190387932,0.0,0.000412503175063,-8.76665373378e-05,0.22107403903,-0.0108598347319,-0.02285535607,0.0,444.05566097893023,443.3713348676954,444.6416102272074,443.9659219496156
0.18,7.14372707618e-05,-1.76082228543e-05,10.0322490841,6.28298201063,6.28072301191,0.0,0.00178947607404,-0.000449894356349,0.435646935596,0.0211178755453,-0.0139883381395,0.0,471.40236057684734,472.08697934330553,470.8835962711459,473.3504579150132
0.23999999999999996,0.000241733865566,-4.39517248477e-05,10.064793448,0.000811443962901,6.27994780641,0.0,0.00398263011283,-0.000290648994438,0.649067737273,0.00679133252876,-0.0108649349322,0.0,472.51636728983266,472.7571832285367,471.4104779824609,470.302220684228
0.3,0.000546383844668,-4.40880175543e-05,10.1056868038,0.00101175461349,6.2794650656,0.0,0.00622665518379,0.00031655170003,0.714005174254,-0.00466047135705,-0.00293156969674,0.0,426.4291970174765,427.10636259864646,425.87994655755455,424.89940173710215
0.36000000000000004,0.000995539196805,-5.61969677855e-06,10.1510951566,0.000309004145258,6.27961404775,0.0,0.00874457247756,0.000922879033437,0.799550232284,-0.0320822859585,0.0115622836617,0.0,432.2242238456316,433.44381071815417,433.97624290199485,431.6687597884265
0.4200000000000001,0.00160331409945,4.8507916198e-05,10.2055238213,6.28138754268,6.28018938876,0.0,0.0114380944343,0.000642410903746,1.01457266842,-0.0419905225929,0.00531744876295,0.0,473.94725367662454,473.46698175892857,471.9956075817761,471.22993613419635
0.48000000000000015,0.00236897325447,2.86485449113e-05,10.2757314963,6.28014983889,6.28036002691,0.0,0.0140496502612,-0.00153020650973,1.32537555135,0.00426323996386,-0.00262970906851,0.0,500.52870778086117,499.95002658606126,498.8156021703478,502.18136130070235
0.5400000000000001,0.00326686903338,-0.000120459955148,10.3568115286,6.28054738941,6.2800709244,0.0,0.0159008419624,-0.00340854427806,1.3772309471,0.0109757097382,-0.00960089489182,0.0,423.0034621361612,422.4028554894203,423.2556070995448,423.83275608210744
0.6000000000000002,0.00430160065033,-0.000388377129262,10.4469963735,6.28122948055,6.27986567519,0.0,0.0186350096038,-0.00543781927414,1.6286071922,0.0121418037692,0.006720172652,0.0,483.96887391228944,485.1956908787162,484.1318423510746,484.2194288214193
0.6600000000000003,0.00548925361212,-0.000751491223314,10.5485064743,8.55667868827e-05,6.28032763143,0.0,0.0209069328749,-0.00649943673571,1.7548778554,0.0592712830948,0.00958893189068,0.0,447.5665026631056,447.7997928050921,445.88788097158726,449.7217059238045
0.7200000000000003,0.0067935207381,-0.00112679409824,10.6543030972,0.00454246318451,6.28103254504,0.0,0.0225108577228,-0.00564228303461,1.77165000914,0.0941511942572,0.0157512944856,0.0,411.6151050848857,412.1599530167329,412.0905325195079,415.1664539731044
0.7800000000000004,0.00818710611283,-0.00134423609107,10.764626572,0.00986499057996,6.28165802909,0.0,0.0238542920382,-0.00101659543774,1.90558205153,0.0746704125895,-0.00323134318973,0.0,451.2538308179804,449.71888912342536,451.4520786308684,449.883877071978
0.8400000000000004,0.00965469368324,-0.00115739038181,10.8844895091,0.0141330660419,6.28125883677,0.0,0.0250974902664,0.00774310696454,2.08952581959,0.0629156980209,-0.0145682227473,0.0,467.1210912567555,466.23634745839826,466.2223113052225,465.3066447781435
0.9000000000000005,0.0111992838299,-0.000417714008121,11.0107554699,0.0176648327599,6.28036833588,0.0,0.0264695610991,0.01724804789,2.11927927683,0.0491912057075,-0.0153942607928,0.0,417.93564817119517,417.86373848602335,419.50217525997914,418.31139900188265
0.9600000000000005,0.0128441701803,0.000962354104209,11.1392088052,0.0205789612271,6.27922657439,0.0,0.0284552518098,0.0290272479256,2.16241211677,0.0472944661862,-0.0275252067631,0.0,423.2422852305317,422.19698145034187,423.29390087319615,423.1322311866152
1.0200000000000005,0.0146477748639,0.00318389981833,11.2740359211,0.0233226309869,6.27808386513,0.0,0.0318159608415,0.0453306724501,2.33148797102,0.0423955813571,-0.00596130309359,0.0,461.25347188630377,462.9532365070401,463.5980559196006,463.2141165719236
1.0800000000000005,0.0166679443571,0.00641890923767,11.4179180437,0.0257530882054,6.27825391894,0.0,0.0355271934839,0.0627624172749,2.46429886018,0.0364368717102,0.0162974233178,0.0,451.6685429692362,453.4600609298825,452.5282788733647,452.049205751748
1.1400000000000006,0.0188863834425,0.0106622694726,11.5663750256,0.027829313814,6.27907408427,0.0,0.0383389060382,0.0788741397844,2.48421845866,0.0306603078448,0.00781383751897,0.0,416.93545789524205,416.19351958539806,417.399875550687,416.89604123360175
1.2000000000000006,0.0212487237925,0.0158303203739,11.7132101815,0.0302404174062,6.27907375492,0.0,0.0403819906876,0.0935643912627,2.41044003438,0.0544959493798,-0.0241690660855,0.0,385.4465125835978,382.41202668414905,383.6916594412774,385.94895531265183
1.2600000000000007,0.0237621122863,0.0220825529767,11.8608701258,0.0334256377436,6.27779579637,0.0,0.0435354872439,0.115166259596,2.5113292845,0.0501099199311,-0.016102565126,0.0,442.14593273035194,442.8099741856366,443.47663503175994,443.11808744496574
1.3200000000000007,0.026499711124,0.0297599740183,12.0164475975,0.0358643615398,6.27698850079,0.0,0.0478139570542,0.141057716252,2.67420609915,0.00402255862116,-0.0086256475285,0.0,461.7389909629892,462.3285746941795,464.697062487785,461.07092566790215
1.3800000000000008,0.0295054761328,0.0390042581532,12.1809821512,0.0359572567529,6.27617284704,0.0,0.0524449515609,0.167091429213,2.80995199972,-0.00392746926533,-0.0260655883289,0.0,455.2141671855367,453.81656575987523,455.79971730626914,455.1639031172217
1.4400000000000008,0.0327892083843,0.0497052102184,12.3507289734,0.0354544028911,6.27495154021,0.0,0.0571396780104,0.18957034841,2.84817896129,-0.0192424162002,-0.0108615170007,0.0,423.3476102304387,424.6537961793955,426.219075409602,424.90825974915134
1.5000000000000009,0.0363848765446,0.0617844599492,12.5239702029,0.0342637569256,6.27399783187,0.0,0.062790953482,0.212947578484,2.92633324543,-0.0210753592349,-0.0285770329275,0.0,438.92304045794606,437.45038558219454,437.6949213362178,437.5423742603351
1.560000000000001,0.0403759559385,0.0753631904154,12.7054563484,0.0332084613664,6.27262365662,0.0,0.0704174738107,0.239524058946,3.12269016648,-0.0113953174047,-0.0134601621063,0.0,473.62478128759057,474.78596492640827,474.3522551989648,475.0951100382294
1.620000000000001,0.0447882397378,0.0903119556307,12.892630485,0.0322230218094,6.27171828912,0.0,0.0767325118807,0.258697581521,3.11646459843,-0.0290896418542,-0.0185650572659,0.0,411.77481086176095,411.3230345309541,412.77777206860816,411.21329179576765
1.680000000000001,0.0496356995268,0.106498199922,13.0828146558,0.030457195402,6.27022816657,0.0,0.084975337739,0.280652168387,3.22271672311,-0.030120781122,-0.0419187826179,0.0,449.14058316390077,447.24229298674976,448.3310107380874,448.2469683870686
1.740000000000001,0.0550561197366,0.124060620698,13.2825327447,0.029370582521,6.26717567092,0.0,0.09601060256,0.304578522167,3.43394106805,-0.00110612239606,-0.0825004061221,0.0,481.6246439184667,478.5434946478032,479.61621933880207,481.81485622134954
1.8000000000000012,0.061207119344,0.14301043426,13.4939613059,0.0289860331708,6.26205020082,0.0,0.109585463923,0.327041672028,3.61311582717,-0.0199860478973,-0.0920243367801,0.0,472.49448054122945,471.7540627434007,473.10816381103734,471.6523200420491
1.8600000000000012,0.0681744792336,0.163139808381,13.7107819689,0.0275350419126,6.25645463989,0.0,0.123145531826,0.343820724717,3.61422613597,-0.0342785022852,-0.0958494049081,0.0,417.15289519712366,416.81073331677203,418.7090375090088,417.46354029427056
1.9200000000000013,0.0761438229946,0.184333663003,13.9308535233,0.0255887128938,6.25035147781,0.0,0.143096413304,0.362423031101,3.72113602349,-0.028992944681,-0.117271874243,0.0,451.9635462981947,450.22446975960514,451.8651950710371,452.29072517346066
1.9800000000000013,0.0854598418044,0.206616366523,14.1578458242,0.0235486221151,6.24347222566,0.0,0.168157104863,0.380123736744,3.84484195017,-0.0465993212459,-0.109878903074,0.0,458.12008320533687,458.6962592609829,457.30078115310334,455.8955887706408
2.0400000000000014,0.0963092680087,0.229847571952,14.3894306816,0.0206215259381,6.2369173497,0.0,0.194088421456,0.393982227528,3.87453150963,-0.0535581036642,-0.108016008662,0.0,429.1953315083793,429.34243217091347,428.539152753821,427.9456045222448
2.1000000000000014,0.108900689494,0.253881241135,14.6241600927,0.0170752939806,6.23055812214,0.0,0.22624404086,0.406802228364,3.94949909455,-0.0735052213266,-0.102213259668,0.0,443.1948867361202,443.6617195617466,444.4800305367778,442.8395511240033
2.1600000000000015,0.123452454782,0.278579722623,14.8616290393,0.0124612508526,6.22397666595,0.0,0.259374851818,0.416071696693,3.96604874049,-0.0847388535076,-0.132043627636,0.0,427.1578648583451,424.59430590971544,425.2862168139038,424.3178043234148
2.2200000000000015,0.140272472233,0.303777417036,15.1026495114,0.00767694572093,6.21676884412,0.0,0.302036564125,0.423340149072,4.06756584084,-0.0712576538428,-0.103237795512,0.0,451.52614132903085,453.83095747234233,452.04549549907046,453.12555056688853
2.2800000000000016,0.159741625825,0.329308573108,15.3489506855,0.00298875215632,6.21043130478,0.0,0.347531472058,0.427258293731,4.14216090213,-0.0977180135278,-0.110884283748,0.0,445.52346627524514,444.88800320747805,446.0282009520736,443.85654995825814
2.3400000000000016,0.181882126424,0.354970280698,15.5972087996,6.27979864789,6.20378538609,0.0,0.391057969754,0.427611995802,4.13309594819,-0.134725490518,-0.110528633782,0.0,418.9010504363949,418.9203023986339,419.9224206073661,416.68776343593294
2.4000000000000017,0.206766184426,0.380533022758,15.8451198355,6.27171784835,6.19722427426,0.0,0.438983258336,0.423772440376,4.13056028888,-0.134589251982,-0.107098402784,0.0,421.0034802390788,421.2889224060574,420.5143561647774,420.50829519079235
2.4600000000000017,0.234971542907,0.405673121616,16.096663947,6.26345932602,6.19025592451,0.0,0.501845320996,0.413372866373,4.25371275844,-0.144570233262,-0.148428284515,0.0,462.0803615347889,458.79760472487214,461.84705635493725,461.04222609174155
2.520000000000002,0.267073423787,0.430018947043,16.3552269575,6.2558290522,6.18190298249,0.0,0.569065099534,0.397330447089,4.36452141586,-0.105271419342,-0.125275522604,0.0,456.5540730812821,458.3799855409993,457.5872660668749,460.6900071407357
2.580000000000002,0.30351193361,0.453212302043,16.6217127732,6.2492517412,6.17478439861,0.0,0.646288206808,0.375093202566,4.51762163809,-0.120161556331,-0.10790408262,0.0,472.2316010789542,473.5578914612763,472.04144090196627,470.8808807640569
2.640000000000002,0.344330911134,0.475051906265,16.8936635558,6.24198262348,6.1682674478,0.0,0.714921859889,0.352235662779,4.54717531354,-0.123208111918,-0.110077468759,0.0,435.1600392493733,434.9673734020996,435.7491362684974,435.48076116481724
2.700000000000002,0.389398694487,0.495380867763,17.1674585867,6.23448852464,6.16216239584,0.0,0.787897522008,0.324720247557,4.57907319077,-0.128520255478,-0.0888606303583,0.0,436.19204522456874,437.95107287859895,436.3705800685106,435.9123280587371
2.760000000000002,0.438871368188,0.513952610966,17.4424736982,6.22695089776,6.15690350592,0.0,0.86164796256,0.293668742917,4.58793842474,-0.120396391504,-0.0853288085809,0.0,429.8763270004015,430.1688822696834,428.9417207392348,429.61613888446163
2.820000000000002,0.49346797573,0.53025559879,17.7227330559,6.2197970835,6.15174484515,0.0,0.958715402777,0.249008010643,4.75320194615,-0.116996447952,-0.0873071561061,0.0,478.70616022577764,478.55006570318034,478.56281425196096,478.80987986516016
2.880000000000002,0.553568264183,0.543930160243,18.0096212087,6.21238287648,6.14734377359,0.0,1.04503477321,0.206149743347,4.80934885419,-0.141846583802,-0.0544491757682,0.0,445.72249013979126,448.39547620015446,448.02779774729964,445.98827198340024
2.940000000000002,0.619449446737,0.554609050326,18.3036718849,6.20409743226,6.14472191641,0.0,1.15120904288,0.148920736881,4.9913900441,-0.131482074136,-0.0280205264965,0.0,484.81829940614966,486.79910797270156,485.91242265408465,486.67292543806946
3.000000000000002,0.691044296859,0.562073713309,18.6035676401,6.19624397762,6.14381515193,0.0,1.23536471406,0.0992112635636,5.0049524523,-0.129735263137,0.00279049174505,0.0,433.99821626007247,436.576994600282,436.9780017359821,437.10757991551003
3.0600000000000023,0.767620307306,0.566463278544,18.9037227913,6.18895179913,6.14365384613,0.0,1.31714323459,0.0464645802866,5.00013159511,-0.108803539029,-0.0168671689364,0.0,431.75105806566165,430.0891303019451,429.2501595692762,431.0088723446131
3.1200000000000023,0.849924844864,0.5670098041,19.2093794383,6.18281481305,6.14320416149,0.0,1.42627164105,-0.0288781796563,5.18743190784,-0.0916916933159,0.00664397527873,0.0,488.97119639771444,490.7198737542988,489.58825577299507,490.85176584073855
3.1800000000000024,0.938665682955,0.562978683342,19.5254661085,6.17741909552,6.14332872043,0.0,1.53158448582,-0.106007208132,5.3479121906,-0.0866192781335,-0.00913580679179,0.0,485.08013107402013,483.89352517860226,483.59542238574176,483.9713524931653
3.2400000000000024,1.03318522383,0.554606226766,19.8473843428,6.17204728772,6.14246339439,0.0,1.61907050994,-0.173528607651,5.38239336073,-0.0960957354972,-0.0279411646244,0.0,447.3116631336298,445.7774303249078,448.7516777976924,447.9749789647373
3.3000000000000025,1.13291617219,0.542124049997,20.1709873999,6.16684815832,6.14064322941,0.0,1.70540039744,-0.243005238497,5.40410702261,-0.0724394283618,-0.0356158507492,0.0,444.4718463846157,443.841998061083,442.97331734598237,444.9082181788482
3.3600000000000025,1.23806293336,0.525216861781,20.4973004612,6.16204046283,6.13834694753,0.0,1.79961881862,-0.320943968334,5.47248108623,-0.103566947643,-0.0441942198284,0.0,460.0718410711922,459.3913473938853,460.20952487022043,457.7332202449808
3.4200000000000026,1.34946186104,0.50306927069,20.8314754413,6.15581593123,6.13569915228,0.0,1.91380073195,-0.417885457192,5.66547495112,-0.104094716914,-0.044001669707,0.0,497.3331658785426,497.34639649756605,497.9022138297668,497.8554912077512
3.4800000000000026,1.46681797915,0.475779093222,21.1708835558,6.15065175143,6.13367510524,0.0,1.99822935564,-0.492246399065,5.64801564998,-0.0636621206442,-0.0185858381739,0.0,434.4726870900488,436.59819074984097,433.9799757004901,437.3541083772321
3.5400000000000027,1.58915361689,0.44404392507,21.508504777,6.14694852525,6.13221260264,0.0,2.07970616495,-0.565902946604,5.60606953393,-0.0580968715418,-0.039648512153,0.0,429.45904286775806,427.66820753680804,426.58332716343944,427.05547821459203
3.6000000000000028,1.71653070592,0.40771288738,21.8444556733,6.14340287952,6.12994317279,0.0,2.16635133895,-0.645414513855,5.59216566972,-0.0611661601774,-0.034404488236,0.0,436.9627964505751,437.39911290986873,436.77988051507236,436.521262447494
3.660000000000003,1.84912142781,0.366565515692,22.179455645,6.13967890615,6.12794815112,0.0,2.25346642591,-0.72646460843,5.57438843968,-0.0639291165405,-0.0310370604559,0.0,434.8066611143386,435.0882790348479,437.0200314575421,436.7867779576327
3.720000000000003,1.9872543474,0.320226627765,22.5152026282,6.1357920892,6.12613417727,0.0,2.35103778186,-0.818468282648,5.61674009878,-0.0665385182042,-0.0286714786982,0.0,455.1813660536325,455.3704022606258,455.887801155958,455.6762427553097
3.780000000000003,2.13110013644,0.268449439244,22.8524370877,6.13208259423,6.12467353182,0.0,2.44388662059,-0.907746300068,5.62415286511,-0.0537619711021,-0.0168540669095,0.0,444.86058447447954,445.8272821525885,444.7773115853153,445.81988686973403
3.840000000000003,2.28159050492,0.210251791922,23.1966446653,6.12872251074,6.12355845319,0.0,2.57231873693,-1.03236376947,5.84800692353,-0.0609033404336,-0.022291999155,0.0,510.77605398886226,510.38813268260583,511.4774000374593,510.9667725755811
3.900000000000003,2.43923041957,0.145045837388,23.5507471543,6.12635501385,6.1226033706,0.0,2.68228577557,-1.14134359716,5.95459517406,-0.0145121347562,-0.00551597200236,0.0,478.57759282743126,479.8531320302876,478.28178767413766,481.80156541274846
3.960000000000003,2.60268689119,0.0740183336238,23.9064440872,6.12577380459,6.12285937198,0.0,2.76622408939,-1.22632703035,5.90210285412,-0.00145657180588,0.0188751526047,0.0,430.6981082516447,432.75657313626886,429.642166071866,430.748024802279
4.020000000000002,2.77181920077,-0.00275917661243,24.263033825,6.12570977121,6.12430848884,0.0,2.87122024169,-1.33285106083,5.98364382459,-0.000299610656399,0.0330339028065,0.0,472.5827090700646,473.67307316434585,473.48247521103525,473.57151845563703
4.080000000000001,2.94725501882,-0.0859825827423,24.6248350895,6.12556547453,6.12628985241,0.0,2.97625504947,-1.44118585817,6.07576949856,-0.00698883940339,0.0330003677743,0.0,477.59061511377195,477.5883955431759,478.0251353592197,477.51506826555027
4.14,3.12830600682,-0.175087858826,24.9882266737,6.12500890674,6.12780426173,0.0,3.05856280535,-1.52906551848,6.03738966257,-0.014295676375,0.0014009251066,0.0,439.2553545223046,436.6264505316839,438.280395177473,437.672645650511
4.199999999999998,3.31464448275,-0.269866841674,25.3517367306,6.12443804215,6.12810200377,0.0,3.15256643403,-1.63025781645,6.07920918014,-0.00134867397352,0.011273405096,0.0,463.1050932035152,463.88108780372426,462.81590211631374,463.83414903080666
4.259999999999997,3.50667783514,-0.370808673153,25.7182433497,6.12421229062,6.1286860255,0.0,3.24833027747,-1.73443303819,6.13719739742,-0.00908995285015,0.00646126385901,0.0,469.3219275556405,468.94806767658065,469.5739337710404,468.97296076895753
4.319999999999996,3.70397112346,-0.477544642013,26.0853128081,6.12364652215,6.1290022164,0.0,3.32801837624,-1.82351900191,6.09852400078,-0.0101173209041,0.00277357412611,0.0,439.09147590984657,438.78526965640623,440.29861643095387,440.21371259220547
4.379999999999995,3.90625418399,-0.589876308613,26.4515213295,6.12325898218,6.12994438868,0.0,3.41457984885,-1.92091320048,6.10822118468,4.1828683096e-06,0.0336278475204,0.0,454.67046295583003,457.1362795281147,453.72094315011,454.5331175586969
4.439999999999993,4.1136272736,-0.707998071375,26.8179042888,6.12297182747,6.13166663245,0.0,3.49758234668,-2.01651250032,6.10446014636,-0.0166887353118,0.0163788440755,0.0,451.4251907492828,450.0310276064721,452.1759252889585,450.8288943541441
4.499999999999992,4.32560064114,-0.831521832229,27.1818986863,6.12169234048,6.13231095861,0.0,3.56809195345,-2.10111888949,6.02898196705,-0.0327438177615,-0.00400347105578,0.0,428.54248654408525,426.8058788677955,428.7099407921296,427.3431562444154
4.559999999999991,4.54203527427,-0.960421488524,27.5430117168,6.11927711033,6.13159175104,0.0,3.64634256938,-2.19574326336,6.00803375413,-0.0627925093101,-0.0370571085889,0.0,446.38467145141783,443.6784890077056,446.70107397106096,444.24225946238874
4.6199999999999894,4.76334367349,-1.09523984005,27.9039840553,6.11547629103,6.12953978289,0.0,3.7306810753,-2.29852018989,6.02397732773,-0.0644791256523,-0.029023179982,0.0,457.02938338198004,457.66896463242455,457.3548968580418,457.21771833987015
4.679999999999988,4.98974206815,-1.23630909065,28.2659440057,6.11139627485,6.127864585,0.0,3.81596314669,-2.40412364786,6.0409432724,-0.0761793540433,-0.0258004131263,0.0,458.2782954235695,458.53427648148624,459.01310325721556,458.0800351848189
4.739999999999987,5.22110640848,-1.38361624655,28.6278597968,6.10646532995,6.12629658754,0.0,3.89621884634,-2.50652766361,6.02269716356,-0.0982314490561,-0.0268074046756,0.0,448.0546025066264,447.97257517689326,449.18294194501556,447.384895777657
4.799999999999986,5.45750691237,-1.53739665746,28.9899574295,6.10053829067,6.12434391564,0.0,3.98381679408,-2.61998444401,6.04669194353,-0.0999117162429,-0.0476286741877,0.0,462.80588127080813,461.16330345196434,462.24821115497775,462.10777283513397
4.859999999999984,5.69878195395,-1.69763850766,29.3509801412,6.09473427813,6.12198236797,0.0,4.05882988601,-2.72192452022,5.98734910162,-0.0910379523753,-0.0265325327542,0.0,435.4837347142772,437.2443608788472,436.07561957921695,436.8082283867522
4.919999999999983,5.94466760516,-1.86420033376,29.7089635242,6.08916774654,6.12026438373,0.0,4.13740856807,-2.83062392864,5.94529225579,-0.0964962836916,-0.0332043731493,0.0,442.7857313081611,442.23612770145854,442.09557883458353,441.63814663071014
4.979999999999982,6.19507564672,-2.03714374902,30.0631743221,6.08308409194,6.11809449865,0.0,4.2096382772,-2.93468804795,5.86181851169,-0.11362605437,-0.0428611199614,0.0,428.9639774016289,428.14226304990876,429.61790731608846,428.15310300136525
5.0399999999999805,6.44957445459,-2.21612201424,30.4108135899,6.07624772477,6.11529817546,0.0,4.27384353405,-3.0318606954,5.72650794827,-0.114573139386,-0.0554017210569,0.0,411.4209843498681,410.3072769994978,410.4400753010332,410.3432419928747
