time,x,y,z,phi,theta,psi,x_velocity,y_velocity,z_velocity,phi_velocity,theta_velocity,psi_velocity,rotor_speed1,rotor_speed2,rotor_speed3,rotor_speed4
0.06,9.89288807965885e-08,4.489744927886175e-07,10.005915863430157,0.0003522690404302864,6.282925358307388,0.0,1.6293592058251493e-05,3.782578137677337e-05,0.19718131438916092,0.015588858164688508,-0.014830923131442424,0.0,467.9195085617485,466.76380350185445,465.48332239987775,466.7013485266454
0.12000000000000001,1.1545145535661141e-05,1.637348328086467e-05,10.025491772071627,0.001531076588149105,6.282287794115831,0.0,0.00045962423671594334,0.0006268354522828699,0.4552813962636274,0.026728091777449826,-0.0033204519097192187,0.0,484.411170282968,485.27594052707633,483.8228020156125,484.6605339069546
0.18,5.818139569213177e-05,9.182055077581523e-05,10.055850968235687,0.0027536910579577523,6.282358589274967,0.0,0.0011001627323113947,0.0020372313174230306,0.5566470238521632,0.002973353880551059,0.008930530937026105,0.0,436.78674849962334,437.8070819016637,438.8257776980731,436.8497643532689
0.23999999999999996,0.0001382096581137557,0.00027119248615217403,10.092128097055099,0.002708063388902282,0.00039922576055317904,0.0,0.0014714747098478675,0.003949746302363789,0.6525402535146946,-0.009531849674625285,0.03691070019312458,0.0,434.8235661238343,437.1609478666249,436.39717378831006,435.35226870982774
0.3,0.0002072005783183595,0.000570542235634808,10.1375929830745,0.0017596023832258112,0.0023518153840322853,0.0,0.0005795605121124616,0.005943665183087481,0.8628206637394044,-0.03291479117364056,0.02194303308970957,0.0,472.3596519983129,471.20447310001254,471.239496351794,469.4288291412104
0.36000000000000004,0.0001767416223886065,0.0009627467732876106,10.196845043695188,6.282430483118964,0.0036446195962271943,0.0,-0.00175623088041785,0.006868316301408677,1.112039079208143,-0.07384112979019458,0.02074220314598582,0.0,483.41591929077697,483.325401525473,483.5770541927433,480.4834484799085
0.4200000000000001,-1.2415114758764188e-05,0.00134078690069045,10.267499215169702,6.2776651064079,0.005016522284982727,0.0,-0.004688226660470012,0.005246779853214838,1.2429648790970664,-0.09394686829548936,0.026804064673523528,0.0,446.88426830503573,447.378094693516,449.3890935434368,447.7513668935004
0.48000000000000015,-0.0003985463696901459,0.001526351034644383,10.344095021180369,6.271780083323769,0.0068958381466552865,0.0,-0.008353038669187587,0.00038114135127477813,1.310148730585858,-0.10799448493703613,0.039096867731166995,0.0,427.4329059112008,428.47951585374614,428.50518146592844,427.30066200547594
0.5400000000000001,-0.0010547860316907805,0.0012835728538265158,10.426145680084044,6.265603613433743,0.009577967192742953,0.0,-0.013784422030200128,-0.00912949785668669,1.4247262658681503,-0.09438544332695417,0.05404713095879159,0.0,442.1597806154275,443.39073119084424,443.1402713766934,444.24809701858413
0.6000000000000002,-0.002092656169033478,0.0003500250045720796,10.514675358632733,6.259933325806795,0.012416379716128745,0.0,-0.021126383259187025,-0.022565400072111455,1.5261180453476821,-0.09474438886701797,0.02831306043827525,0.0,440.460096979483,438.3281632756475,439.4405291849429,439.4030830032075
0.6600000000000003,-0.00358790451129218,-0.0014383983237604128,10.606463099443095,6.254404112363197,0.014070609247833765,0.0,-0.028863197415606067,-0.03754299408230392,1.5334485632310504,-0.08742226681090498,0.026042638630216646,0.0,409.4789088436239,409.2771612713989,408.08673641165564,408.7317479122112
0.7200000000000003,-0.005639271052954428,-0.004353141045861425,10.70305842712152,6.248999404939163,0.015290017412278978,0.0,-0.03966937227023577,-0.060192622446929786,1.6861617750884397,-0.09599990450803518,0.005301089407544332,0.0,456.3505110428525,454.6919892088661,456.29697203681326,455.6051429658756
0.7800000000000004,-0.008392320535680809,-0.008820389596614324,10.810848074610696,6.243616320402193,0.015581721793575198,0.0,-0.05213030283224802,-0.08936824745732862,1.9064594468696094,-0.07944588103013993,0.003968187098887072,0.0,476.2600999359054,476.1580609268711,475.9939862916682,477.25278051487726
0.8400000000000004,-0.011893046592005548,-0.015145376701145817,10.931389346481632,6.2394277489732115,0.0161844790264567,0.0,-0.06460700672700288,-0.1219706254716551,2.1112030470497594,-0.05537419484068814,0.02004718232295007,0.0,471.72995989303917,472.9697527006992,471.9519733630561,473.8025152740839
0.9000000000000005,-0.01606216966117381,-0.02325497359228591,11.058225536961018,6.236130492640232,0.017087219192619685,0.0,-0.07445865869624921,-0.14864017056466627,2.116642427303201,-0.05412770908422205,0.0024678151556105045,0.0,411.0388739582753,409.47799855980355,410.7865926903542,410.8948097335724
0.9600000000000005,-0.020913712138551834,-0.033239721433149017,11.189926052730943,6.233043948837633,0.017815816998333567,0.0,-0.08730817128274362,-0.18451968409482875,2.273055228680735,-0.04655189234055017,0.0266294170291443,0.0,457.908717220943,459.8265847288423,458.85664840000595,459.4560154760936
1.0200000000000005,-0.026554190489303683,-0.04543196873726672,11.330766249155772,6.230602156530697,0.019999309423701206,0.0,-0.10091426663552404,-0.2221569403839032,2.4212923991306736,-0.03100332405297322,0.05097362389121607,0.0,456.1957672220859,458.13594732327635,456.6132427994023,457.85104164710157
1.0800000000000005,-0.03298958395049236,-0.059739684427865716,11.476854081037176,6.22818497169429,0.02309348951878043,0.0,-0.11387857869659042,-0.2549447295421472,2.4482239056191095,-0.07490349322191486,0.05273545459003949,0.0,419.70422036164956,419.85898154682246,420.7107847303766,416.89095067538125
1.1400000000000006,-0.04032822254177127,-0.07622894629060104,11.6274152033307,6.223600199517962,0.026149962415708217,0.0,-0.1310644384962235,-0.2951601284364219,2.570171127687715,-0.07961473992425919,0.047088342057729674,0.0,450.0149213280175,449.55920692785975,450.38861771301634,450.0028829338275
1.2000000000000006,-0.048788263764101183,-0.09528938200443736,11.786270093832325,6.219086541106519,0.02876898394824412,0.0,-0.15122865175171507,-0.34067627733451,2.724587178272239,-0.06765085114858774,0.03569483394187221,0.0,461.62585923942083,460.7269213921673,459.56120022211076,460.5042171776602
1.2600000000000007,-0.05844948941366935,-0.11703288401428759,11.952130978595275,6.214827689989345,0.031826694355832075,0.0,-0.17107460921519171,-0.38450571007568973,2.8038717892431384,-0.07864393186192717,0.07106350685705055,0.0,436.31638025062165,439.26076886761973,438.87177485905596,437.954393372243
1.3200000000000007,-0.06946866779931578,-0.14170255353337624,12.125774902496017,6.211221200059828,0.03598781853976174,0.0,-0.1966970136174886,-0.4382428600023352,2.9837435933496206,-0.03729660075140837,0.06569048393716223,0.0,470.4635996328859,470.050755457182,467.33866385400194,470.5474480948595
1.3800000000000008,-0.0821413777656696,-0.16971276108676053,12.310777084259852,6.2091550664303234,0.039995824740072905,0.0,-0.22617133740992953,-0.49564319417160757,3.1824106843256126,-0.0292536827604439,0.06893077192591177,0.0,476.34863258878346,476.5993530515275,475.615952118134,476.23112830140656
1.4400000000000008,-0.09647517815552316,-0.20084336434122918,12.502710882717228,6.207090511858535,0.04458911785098252,0.0,-0.25202384288416796,-0.5422116381325056,3.2152448116226244,-0.047488552085457346,0.08857852412805842,0.0,424.86499111479907,426.5510434922833,427.0112166351316,425.45214157847784
1.5000000000000009,-0.11281326669726731,-0.23541938802818313,12.70453874842241,6.204483033170531,0.05044596517764344,0.0,-0.2932779819908952,-0.6106119056076167,3.5113989986615843,-0.036419913169673176,0.11135194113554803,0.0,504.0370167028647,505.6868860325481,505.7072174884021,506.503052596104
1.560000000000001,-0.1315773003918481,-0.2738434660186207,12.920051669049876,6.202006423357673,0.0570609819436152,0.0,-0.3329021935722354,-0.6704066546837942,3.6717755225079385,-0.05338634577983897,0.10795267300246929,0.0,468.8763088439526,468.622188849634,468.47694820433907,467.1549157218946
1.620000000000001,-0.15263307136991158,-0.3155874054976258,13.14117331199085,6.199028076353663,0.06325317984786771,0.0,-0.36953231069798503,-0.7213323947948125,3.6987732642487807,-0.04303928436614552,0.09144189196599742,0.0,428.09126775383226,426.6935451010039,427.69596784050333,428.5747006438308
1.680000000000001,-0.17628116405503452,-0.36081095515259837,13.368270785088757,6.196608547606477,0.06936345839362357,0.0,-0.41936042682878627,-0.7863520871660296,3.8704710463347274,-0.03538717033143106,0.11712128316889148,0.0,472.49743665937774,474.4811145730926,472.7045986543197,473.2931883770997
1.740000000000001,-0.2027793811842253,-0.40963869094901756,13.60162879571992,6.194124914926206,0.07702376124927657,0.0,-0.46459139515371556,-0.8414381806115382,3.9078974452226416,-0.0574649271604706,0.14312134899013212,0.0,431.76968204225716,433.9727224143344,434.0769696456643,432.2190386520351
1.8000000000000012,-0.2323952337819338,-0.4621128077605948,13.840433370860548,6.190508100370533,0.08573765961409663,0.0,-0.5235028212662868,-0.9080326877101541,4.051593988576918,-0.06660423142902154,0.14914503647330632,0.0,467.1928596129078,467.680868891088,466.48450222949543,465.76782071720424
1.8600000000000012,-0.265450309255233,-0.5183560326871803,14.084544325354166,6.186404961632729,0.09502925271234108,0.0,-0.5791647471429724,-0.9670995359800354,4.085154724199837,-0.07220824396621175,0.16434997853653655,0.0,432.8997601785271,434.2005298537448,434.1470911076422,433.6729261827274
1.9200000000000013,-0.3023379873959886,-0.5785370581480724,14.33387865849544,6.182542255051333,0.10448051546929005,0.0,-0.6514220435209265,-1.039315573432634,4.225262952964925,-0.05209616982875018,0.13817730296155908,0.0,468.19872430984816,466.1795478217189,467.4649485927098,469.02670657360443
1.9800000000000013,-0.34376770438066706,-0.6431342507567638,14.591626186554421,6.179891982034388,0.11358237215893041,0.0,-0.7304581911904541,-1.114172053640182,4.365581315683648,-0.03176881583552934,0.1701781694089324,0.0,468.1633611959434,470.6664454219378,468.29711803239036,469.874665636698
2.0400000000000014,-0.38992583046646045,-0.7120793494922415,14.855868068640154,6.177523826014379,0.12398621926813203,0.0,-0.8091251471223877,-1.184162783287771,4.44196319178735,-0.06298443762423049,0.1791557004488521,0.0,450.5412292528975,451.29489932639274,452.62031547022593,450.099799041493
2.1000000000000014,-0.44070800613454564,-0.7850200418436053,15.122249257584885,6.174390614752696,0.13504261387539263,0.0,-0.884557614173628,-1.2474810789186226,4.437188092526577,-0.03653040479112979,0.19291619508383015,0.0,426.02980352919417,427.2391198641608,424.3658373986466,426.62870337897743
2.1600000000000015,-0.4969079473301614,-0.8623585837848741,15.393311669227261,6.172222212599321,0.14655560919212274,0.0,-0.9899591400062101,-1.3306266449810362,4.597265582702904,-0.03537067935271711,0.1897365438217443,0.0,478.9135272662376,478.704567748651,477.8670843324762,477.9550022513129
2.2200000000000015,-0.5592427996442667,-0.9443999330670819,15.670950518665137,6.170119080814018,0.15738979530313824,0.0,-1.0889062964394522,-1.4042476011870013,4.656812511792505,-0.03442285496108699,0.1471998425968596,0.0,451.2601804640694,447.84246715652483,449.4141899930314,449.49050652547925
2.2800000000000016,-0.6274093135322282,-1.030681772734124,15.950213491886334,6.167975925893028,0.16645044464546732,0.0,-1.184081156055411,-1.47199049115644,4.651707730572775,-0.038446328915433155,0.15770445088892995,0.0,429.7043298861031,430.6162138037016,429.3818798864543,429.0397455052729
2.3400000000000016,-0.7020577986106734,-1.1214809094536338,16.232697221295943,6.165680775898494,0.17617932630286592,0.0,-1.305106536349638,-1.5548157492657597,4.7635941037083,-0.03786772602841803,0.16980427487623556,0.0,466.62870613035454,467.5959122683262,467.9344527444947,467.9788698835706
2.4000000000000017,-0.7840280514241975,-1.2171999724560636,16.521023922171974,6.163310386460882,0.1864479692738712,0.0,-1.428173929921325,-1.6359898739373782,4.84655721346579,-0.04300289055080844,0.17369381803407347,0.0,459.49689334851445,459.832194341601,461.225913507137,460.81938321786845
2.4600000000000017,-0.8737724251965678,-1.3179508860273546,16.815214974135877,6.161057669058199,0.1964788044635899,0.0,-1.5642586229509488,-1.7225402018709715,4.958885318365539,-0.028407627459329565,0.14916130045212642,0.0,471.5726960383551,469.6981718617903,470.73198142588717,471.85958559701743
2.520000000000002,-0.9720186887200293,-1.42401653236875,17.11672386446773,6.15897788710026,0.20617975477223105,0.0,-1.711477157598636,-1.8130821111052258,5.090370380861299,-0.051686103401602554,0.17918607118667043,0.0,477.4116819246759,479.7195238167723,479.6177107903468,477.8456733327338
2.580000000000002,-1.0782385299025936,-1.5349289007979325,17.4209959465012,6.1554819728481185,0.21715719914012865,0.0,-1.8300856506402248,-1.8842607096525243,5.051771949402171,-0.07658062037689577,0.1895877768150776,0.0,425.81360916463797,426.7365080673951,428.20355185443486,426.07738169839536
2.640000000000002,-1.1919413195324506,-1.6502776102147645,17.72370035646318,6.150760772776922,0.22827093787258246,0.0,-1.9609511641920159,-1.9610668170269612,5.03791917117034,-0.08326880758949111,0.17467311299782437,0.0,435.6927753533606,434.4777038930107,436.5505409834768,435.9869068152088
2.700000000000002,-1.313010918636697,-1.769931367918094,18.022643872384446,6.145775351163742,0.23898618814278993,0.0,-2.0755458182326234,-2.0277846837094993,4.926898914236351,-0.08273606250063116,0.1854395348559733,0.0,402.6241237219015,403.6314331140786,403.0170935597186,403.05885362702446
2.760000000000002,-1.4410601051745098,-1.8936279495891666,18.31464666834099,6.140930321231327,0.2502898698717404,0.0,-2.1936436347477923,-2.0958184614917603,4.806561762671991,-0.07705109708152452,0.193724251459986,0.0,399.30412794668797,400.0980928179215,399.39611713204255,399.9083133935097
2.820000000000002,-1.5773244404370328,-2.0220063700701356,18.603069795431104,6.136519980519596,0.26140895369420036,0.0,-2.3494600989234313,-2.183807022214335,4.806896236885192,-0.0672234046923146,0.15776934594771863,0.0,442.8943539207925,439.9591251422509,441.4055188590687,442.2116619795765
2.880000000000002,-1.7237486174139984,-2.1560742549115366,18.893699925924423,6.132743790108304,0.2709358442688803,0.0,-2.5321380321385867,-2.2854035819029463,4.879763408456256,-0.05550977344134927,0.1607301780525018,0.0,465.8679540073768,466.1220745761472,466.41553253048835,467.32690080582233
2.940000000000002,-1.8819216893909148,-2.2966274082158025,19.190713805100287,6.129358372599906,0.2808028666320457,0.0,-2.7411046712751572,-2.399900001403391,5.0192654240207295,-0.0583162090175796,0.171002142637864,0.0,488.75255539432993,489.540632719575,489.16364298993545,488.95272476159397
3.000000000000002,-2.052965635077982,-2.444178912700145,19.496371865295696,6.126132740258814,0.2909543055832904,0.0,-2.961187802819582,-2.518660905088612,5.167751311558169,-0.04593069437323949,0.1653022726136655,0.0,495.0757860422485,494.6803599309237,494.1921868513527,495.10279396412847
3.0600000000000023,-2.2369748864577494,-2.5986765942802754,19.809298465355187,6.123163884377373,0.30059669503896647,0.0,-3.173221880247672,-2.63140269084622,5.261813583942675,-0.05774105949376629,0.14942941445703264,0.0,482.4351836220504,481.25715896430813,481.51586321963157,480.6200470800715
3.1200000000000023,-2.432696645418325,-2.7593781869612566,20.123937520091808,6.119798115699517,0.3096384961321341,0.0,-3.351560723932754,-2.7255667690353103,5.225572193875582,-0.05299528905108658,0.15311495975976958,0.0,441.919378981552,442.2446195629741,442.2907193235436,442.6793367914909
3.1800000000000024,-2.6397681729563582,-2.9260330372561953,20.43782091564489,6.116459913055245,0.31891833809631187,0.0,-3.5515398197359587,-2.8298020156213277,5.236288927911116,-0.06152333149909823,0.15759136511914823,0.0,459.98002400707185,460.35614193272494,458.5625393968243,457.8824346938501
3.2400000000000024,-2.859582971288402,-3.0992867400350956,20.75393568282332,6.112801773875685,0.3284681398204441,0.0,-3.7763189082869935,-2.9455272608210623,5.299544307083225,-0.05988319958137877,0.16213157977899956,0.0,477.78663646729905,478.1548052141828,478.08669334760157,478.20930940177783
3.3000000000000025,-3.092167507861323,-3.279097760167051,21.071106263076125,6.1093251329550515,0.3378768686744875,0.0,-3.9772418812952663,-3.0484062355967994,5.271996471430982,-0.05432468748076444,0.1432042594999919,0.0,451.93276669655154,450.4268646542468,451.6427283318175,452.08865788950317
3.3600000000000025,-3.3376806198637676,-3.4654853208518532,21.388495417961632,6.106389687446736,0.34642382177500863,0.0,-4.20713376140695,-3.1646692344067793,5.306426207944612,-0.03986786854822135,0.14089656107589021,0.0,472.903523053146,472.743264852366,473.7522313308306,474.86139496889206
3.4200000000000026,-3.5967809478101085,-3.6587160721173198,21.706816100406765,6.1038252772029065,0.3545199887532773,0.0,-4.430152036412453,-3.276483565124954,5.303258677761383,-0.04921034224340459,0.11905612829752468,0.0,464.2961279877476,462.5947242280423,464.95863547015097,464.2250131647641
3.4800000000000026,-3.868905882781401,-3.8584577721912408,22.023494998991833,6.100431305272506,0.36201381565703716,0.0,-4.641257226934187,-3.381787120736689,5.25198895714555,-0.07834135962590667,0.13456439354602992,0.0,448.9680184665542,450.2386626085754,451.98471269096734,449.6277582556113
3.5400000000000027,-4.155592288365388,-4.065421128796586,22.341531705263662,6.0954707345619425,0.3697212869303961,0.0,-4.915378361776032,-3.5172380271018597,5.3473894578588475,-0.09317250965997823,0.11202776521774192,0.0,500.3229377476613,498.6918753086705,499.3906113747899,498.30252382535286
3.6000000000000028,-4.455369019148599,-4.278911290889215,22.656251628390937,6.089837620789311,0.3772392639705249,0.0,-5.077938488554252,-3.599552399339265,5.14343976203605,-0.09534905985591807,0.1435446068387438,0.0,399.8194751421324,402.697039919155,401.1814577617185,400.9752016831201
3.660000000000003,-4.767205199049242,-4.4984728732825285,22.964049771911526,6.084150052210983,0.38590288578592613,0.0,-5.317200870890767,-3.719521097756829,5.115315882127289,-0.0937036912257691,0.14603808580141364,0.0,464.5137606950812,464.72778146357984,462.7155449897616,462.8378518561719
3.720000000000003,-5.093278597123071,-4.725185726482123,23.269341584914965,6.078733500232692,0.3949552064392776,0.0,-5.552554001861346,-3.8379143175934667,5.060006906981546,-0.08418049328416052,0.15910593332187306,0.0,455.8219209921533,456.88594846165313,457.7814814021923,458.53225585420347
3.780000000000003,-5.433119253083012,-4.958830030808662,23.56995600280732,6.073255322122602,0.40468675949422117,0.0,-5.776205233609485,-3.9505607590369256,4.9596306896529985,-0.11196942597924422,0.16773719008141935,0.0,444.64296938838885,445.3746444975654,444.5646044550456,442.2735932415197
3.840000000000003,-5.785642124650489,-5.1988751394202755,23.862355054182313,6.0664324365569104,0.41448827304083213,0.0,-5.975389750483119,-4.0513989008756175,4.7865621236145515,-0.11745258822051301,0.15274081127735337,0.0,420.977256959095,419.7041420501492,419.95131375583844,419.46289789164354
3.900000000000003,-6.150855590646504,-5.445345233748101,24.145547118751644,6.059454201357166,0.4233947006421461,0.0,-6.199112729167078,-4.164718814315222,4.652399619199922,-0.11410223510046727,0.13805432364844,0.0,435.52615967270634,434.3167483746391,435.9397988262926,436.2073572642524
3.960000000000003,-6.531217563617848,-5.69948481531449,24.423942532360357,6.052574329146651,0.4315101286737626,0.0,-6.480088264756095,-4.306969407928453,4.62584031245868,-0.11581246054234419,0.12898382629161753,0.0,475.7349871627575,475.0553042243867,474.2825132638807,474.14028097822603
4.020000000000002,-6.926582521520593,-5.961265853126482,24.696318664904428,6.045388838783625,0.4389461774225438,0.0,-6.6994492642380505,-4.419535778927275,4.452792742073073,-0.12911569633123626,0.11121586721905657,0.0,427.4353960865503,425.932435121216,427.5009553787739,426.351796451077
4.080000000000001,-7.336465950988475,-6.230511615568956,24.96070627940477,6.038126358049764,0.4455811243766368,0.0,-6.963805649050968,-4.555764982858563,4.35891784929975,-0.10846135478089004,0.10928571374117138,0.0,456.64832408490076,456.5047405006498,456.50035457117053,458.13295777050695
4.14,-7.760715098820317,-6.507204767958994,25.215994108537327,6.031504400524634,0.45234142533338684,0.0,-7.178577601802982,-4.667812702460123,4.150283913853856,-0.11447271674030637,0.11869941055504113,0.0,416.79566074564787,417.62999600032447,418.35870441675837,417.8231345560596
4.199999999999998,-8.199938314910888,-6.791709859636368,25.462519703359114,6.024203481086547,0.46015545816846526,0.0,-7.46267345956096,-4.816054616178625,4.06574891427185,-0.14274037668540968,0.14673385705730876,0.0,463.1411984765457,465.3558315291326,465.52678709067135,463.2956318972332
4.259999999999997,-8.658175943274504,-7.086154525556278,25.707284694052493,6.015852928053629,0.46943971501950443,0.0,-7.812174221713313,-4.999080583682217,4.0904491290255605,-0.13286680733916223,0.16722779764640838,0.0,504.20266449796367,505.70067629531803,504.04684624657165,504.7445759012843
4.319999999999996,-9.136526232152157,-7.391160722309899,25.95126363761165,6.008045262654157,0.4794445994628642,0.0,-8.133267993607696,-5.168072548211546,4.039964671807715,-0.1251512075351157,0.16577232065288575,0.0,485.1509678726884,485.0656604443816,486.0429880520281,486.60712289083125
4.379999999999995,-9.633325984129772,-7.70588788508828,26.19010223750639,6.000340491947236,0.489319453954824,0.0,-8.427276373055125,-5.323142190267424,3.9195750426443183,-0.13588952412156005,0.16208835350390052,0.0,466.95504944668994,466.6918905789568,466.8350289365921,465.9817683961469
4.439999999999993,-10.145997270402123,-8.028997925350545,26.417988463236426,5.99233125245442,0.49862343629761874,0.0,-8.662597614260962,-5.44765887114822,3.675826052279614,-0.12907491836207138,0.13487341415361104,0.0,425.4728617315137,423.15892598923404,425.2192278666667,425.78553731826037
4.499999999999992,-10.67397334312243,-8.36021126975765,26.632875712538393,5.984564477750343,0.5065213043353367,0.0,-8.937224455771052,-5.593179993015971,3.4858033379000943,-0.1301986270445135,0.12420594117806352,0.0,447.88609032871256,447.03305512679685,447.8889091139138,447.782275742302
4.559999999999991,-11.217222569589671,-8.699530108162204,26.83382092820998,5.977279135942428,0.5142478862801276,0.0,-9.171948596233838,-5.717940902524899,3.2117313606979767,-0.10799358410221956,0.13662351351075094,0.0,417.1341757726611,418.23380245859767,417.7322441507676,419.6502121995016
4.6199999999999894,-11.773895381308243,-9.045983734902533,27.016779003436564,5.970446220091045,0.5220445829778084,0.0,-9.384853704657912,-5.831040888829671,2.886559337538749,-0.129499271380197,0.11123362472755345,0.0,399.68038903978817,397.3757690922529,400.0360757851795,398.0585342576691
4.679999999999988,-12.345778956934481,-9.400526988974892,27.183831781007843,5.962907467748169,0.5287125137496034,0.0,-9.678514012565227,-5.987452128321782,2.680460146461897,-0.11888518262797729,0.11092869689999837,0.0,447.5908792709086,447.5768920933216,447.84713461434455,448.6956631642725
4.739999999999987,-12.936171841744386,-9.764946150166445,27.339479548205713,5.955661743287333,0.5348790734947366,0.0,-10.001693619096333,-6.160146998727351,2.5060206551061874,-0.1248039136460686,0.07675871417930433,0.0,465.0091153570906,462.33185512528456,463.6292165746555,463.1512525023714
4.799999999999986,-13.544032437546916,-10.138696810274482,27.4811026982834,5.948441815135887,0.5396708075992116,0.0,-10.261190146466898,-6.298732879747368,2.213973583585659,-0.11263134682365622,0.08543794909282729,0.0,421.8860139515538,422.6405080587932,421.23484401029486,422.2726069668004
4.859999999999984,-14.16954699142302,-10.521913879801039,27.608038707038784,5.941369517515467,0.5451633650151662,0.0,-10.589774690559523,-6.475478827846981,2.015493578065105,-0.13121961265392287,0.1015744148642243,0.0,460.21629837325924,461.49883337270666,462.2266652101868,460.7467300300519
4.919999999999983,-14.81445739508098,-10.915568391328778,27.72205713149515,5.9338556692673965,0.5507043064704567,0.0,-10.907817942793189,-6.646697986874824,1.7834465804404613,-0.1153600959081883,0.05834400284116331,0.0,454.2231075798488,450.74781612786023,452.8313105981809,454.0917044471328
4.979999999999982,-15.480285295269441,-11.32052909527182,27.824447765782782,5.927849435413211,0.5542152242236114,0.0,-11.286664713434352,-6.852192113717745,1.6273508651886324,-0.08001911405795811,0.058855557903626406,0.0,485.4540554671014,485.4945167593666,484.30067276922256,486.9441461968981
5.0399999999999805,-16.168388971297972,-11.737569049436251,27.91626175674496,5.922803532724796,0.5573628322964206,0.0,-11.650554569683084,-7.04934714157155,1.4311772458215584,-0.09384347322844414,0.034887860410362855,0.0,477.3032778190724,475.47139287662606,476.5672861645917,475.50366575786273
